{
 "cells": [
  {
   "cell_type": "markdown",
   "metadata": {},
   "source": [
    "# Analysis of top stocks across sectors\n"
   ]
  },
  {
   "cell_type": "code",
   "execution_count": 1,
   "metadata": {},
   "outputs": [],
   "source": [
    "import pandas as pd  \n",
    "import numpy as np\n",
    "import matplotlib.pyplot as plt\n",
    "import seaborn as sns\n",
    "from pandas_datareader import data as wb\n",
    "import scipy.optimize as sco\n",
    "import warnings\n",
    "\n",
    "warnings.filterwarnings(\"ignore\")\n",
    "plt.style.use('fivethirtyeight')\n",
    "np.random.seed(777)\n",
    "%matplotlib inline\n",
    "%config InlineBackend.figure_format = 'retina'"
   ]
  },
  {
   "cell_type": "markdown",
   "metadata": {},
   "source": [
    "### Pulling stock data "
   ]
  },
  {
   "cell_type": "code",
   "execution_count": 2,
   "metadata": {},
   "outputs": [
    {
     "data": {
      "text/html": [
       "<div>\n",
       "<style scoped>\n",
       "    .dataframe tbody tr th:only-of-type {\n",
       "        vertical-align: middle;\n",
       "    }\n",
       "\n",
       "    .dataframe tbody tr th {\n",
       "        vertical-align: top;\n",
       "    }\n",
       "\n",
       "    .dataframe thead th {\n",
       "        text-align: right;\n",
       "    }\n",
       "</style>\n",
       "<table border=\"1\" class=\"dataframe\">\n",
       "  <thead>\n",
       "    <tr style=\"text-align: right;\">\n",
       "      <th></th>\n",
       "      <th>AAPL</th>\n",
       "      <th>ADBE</th>\n",
       "      <th>AMZN</th>\n",
       "      <th>BABA</th>\n",
       "      <th>COST</th>\n",
       "      <th>DIS</th>\n",
       "      <th>FB</th>\n",
       "      <th>GOOGL</th>\n",
       "      <th>HD</th>\n",
       "      <th>IBM</th>\n",
       "      <th>MSFT</th>\n",
       "      <th>PG</th>\n",
       "      <th>TGT</th>\n",
       "      <th>WMT</th>\n",
       "      <th>^GSPC</th>\n",
       "    </tr>\n",
       "    <tr>\n",
       "      <th>Date</th>\n",
       "      <th></th>\n",
       "      <th></th>\n",
       "      <th></th>\n",
       "      <th></th>\n",
       "      <th></th>\n",
       "      <th></th>\n",
       "      <th></th>\n",
       "      <th></th>\n",
       "      <th></th>\n",
       "      <th></th>\n",
       "      <th></th>\n",
       "      <th></th>\n",
       "      <th></th>\n",
       "      <th></th>\n",
       "      <th></th>\n",
       "    </tr>\n",
       "  </thead>\n",
       "  <tbody>\n",
       "    <tr>\n",
       "      <th>2015-05-01</th>\n",
       "      <td>118.347084</td>\n",
       "      <td>76.430000</td>\n",
       "      <td>422.869995</td>\n",
       "      <td>81.169998</td>\n",
       "      <td>132.516785</td>\n",
       "      <td>103.006111</td>\n",
       "      <td>78.989998</td>\n",
       "      <td>551.159973</td>\n",
       "      <td>97.696198</td>\n",
       "      <td>137.626236</td>\n",
       "      <td>43.754124</td>\n",
       "      <td>68.751656</td>\n",
       "      <td>67.165184</td>\n",
       "      <td>69.163589</td>\n",
       "      <td>2108.290039</td>\n",
       "    </tr>\n",
       "    <tr>\n",
       "      <th>2015-05-04</th>\n",
       "      <td>118.117645</td>\n",
       "      <td>75.849998</td>\n",
       "      <td>423.040009</td>\n",
       "      <td>80.589996</td>\n",
       "      <td>132.844955</td>\n",
       "      <td>103.481445</td>\n",
       "      <td>78.809998</td>\n",
       "      <td>552.840027</td>\n",
       "      <td>98.150993</td>\n",
       "      <td>137.863968</td>\n",
       "      <td>43.376461</td>\n",
       "      <td>68.803040</td>\n",
       "      <td>67.612122</td>\n",
       "      <td>69.673965</td>\n",
       "      <td>2114.489990</td>\n",
       "    </tr>\n",
       "    <tr>\n",
       "      <th>2015-05-05</th>\n",
       "      <td>115.456108</td>\n",
       "      <td>75.000000</td>\n",
       "      <td>421.190002</td>\n",
       "      <td>79.540001</td>\n",
       "      <td>131.705673</td>\n",
       "      <td>103.276398</td>\n",
       "      <td>77.559998</td>\n",
       "      <td>543.039978</td>\n",
       "      <td>96.367409</td>\n",
       "      <td>137.158676</td>\n",
       "      <td>42.800987</td>\n",
       "      <td>68.563293</td>\n",
       "      <td>66.591797</td>\n",
       "      <td>68.750000</td>\n",
       "      <td>2089.459961</td>\n",
       "    </tr>\n",
       "    <tr>\n",
       "      <th>2015-05-06</th>\n",
       "      <td>114.731071</td>\n",
       "      <td>74.480003</td>\n",
       "      <td>419.100006</td>\n",
       "      <td>80.000000</td>\n",
       "      <td>131.951767</td>\n",
       "      <td>102.260513</td>\n",
       "      <td>78.099998</td>\n",
       "      <td>535.080017</td>\n",
       "      <td>96.590363</td>\n",
       "      <td>135.777344</td>\n",
       "      <td>41.614067</td>\n",
       "      <td>68.845863</td>\n",
       "      <td>66.718269</td>\n",
       "      <td>68.758858</td>\n",
       "      <td>2080.149902</td>\n",
       "    </tr>\n",
       "    <tr>\n",
       "      <th>2015-05-07</th>\n",
       "      <td>115.440712</td>\n",
       "      <td>74.730003</td>\n",
       "      <td>426.880005</td>\n",
       "      <td>86.000000</td>\n",
       "      <td>131.760269</td>\n",
       "      <td>101.831779</td>\n",
       "      <td>78.430000</td>\n",
       "      <td>542.039978</td>\n",
       "      <td>98.133163</td>\n",
       "      <td>137.579651</td>\n",
       "      <td>41.991734</td>\n",
       "      <td>68.674614</td>\n",
       "      <td>67.553101</td>\n",
       "      <td>69.095367</td>\n",
       "      <td>2088.000000</td>\n",
       "    </tr>\n",
       "  </tbody>\n",
       "</table>\n",
       "</div>"
      ],
      "text/plain": [
       "                  AAPL       ADBE        AMZN       BABA        COST  \\\n",
       "Date                                                                   \n",
       "2015-05-01  118.347084  76.430000  422.869995  81.169998  132.516785   \n",
       "2015-05-04  118.117645  75.849998  423.040009  80.589996  132.844955   \n",
       "2015-05-05  115.456108  75.000000  421.190002  79.540001  131.705673   \n",
       "2015-05-06  114.731071  74.480003  419.100006  80.000000  131.951767   \n",
       "2015-05-07  115.440712  74.730003  426.880005  86.000000  131.760269   \n",
       "\n",
       "                   DIS         FB       GOOGL         HD         IBM  \\\n",
       "Date                                                                   \n",
       "2015-05-01  103.006111  78.989998  551.159973  97.696198  137.626236   \n",
       "2015-05-04  103.481445  78.809998  552.840027  98.150993  137.863968   \n",
       "2015-05-05  103.276398  77.559998  543.039978  96.367409  137.158676   \n",
       "2015-05-06  102.260513  78.099998  535.080017  96.590363  135.777344   \n",
       "2015-05-07  101.831779  78.430000  542.039978  98.133163  137.579651   \n",
       "\n",
       "                 MSFT         PG        TGT        WMT        ^GSPC  \n",
       "Date                                                                 \n",
       "2015-05-01  43.754124  68.751656  67.165184  69.163589  2108.290039  \n",
       "2015-05-04  43.376461  68.803040  67.612122  69.673965  2114.489990  \n",
       "2015-05-05  42.800987  68.563293  66.591797  68.750000  2089.459961  \n",
       "2015-05-06  41.614067  68.845863  66.718269  68.758858  2080.149902  \n",
       "2015-05-07  41.991734  68.674614  67.553101  69.095367  2088.000000  "
      ]
     },
     "execution_count": 2,
     "metadata": {},
     "output_type": "execute_result"
    }
   ],
   "source": [
    "stocks = ['AAPL', 'ADBE', 'IBM', 'MSFT', 'DIS','FB','GOOGL', 'TGT', 'AMZN', 'HD', 'BABA', 'PG', 'WMT', 'COST', '^GSPC']\n",
    "data = pd.DataFrame()\n",
    "for i in range(len(stocks)):\n",
    "    \n",
    "    df = wb.DataReader(stocks[i], data_source='yahoo', start='2015-5-1', end = '2020-5-1')\n",
    "    df['stock'] = stocks[i]\n",
    "    data = data.append(df[['Adj Close', 'stock']])\n",
    "\n",
    "table = data.pivot(columns='stock')\n",
    "# By specifying col[1] in below list comprehension\n",
    "# You can select the stock names under multi-level column\n",
    "table.columns = [col[1] for col in table.columns]\n",
    "table.head()"
   ]
  },
  {
   "cell_type": "code",
   "execution_count": 3,
   "metadata": {},
   "outputs": [],
   "source": [
    "sec_returns = np.log( table / table.shift(1) )"
   ]
  },
  {
   "cell_type": "code",
   "execution_count": 4,
   "metadata": {},
   "outputs": [
    {
     "data": {
      "text/html": [
       "<div>\n",
       "<style scoped>\n",
       "    .dataframe tbody tr th:only-of-type {\n",
       "        vertical-align: middle;\n",
       "    }\n",
       "\n",
       "    .dataframe tbody tr th {\n",
       "        vertical-align: top;\n",
       "    }\n",
       "\n",
       "    .dataframe thead th {\n",
       "        text-align: right;\n",
       "    }\n",
       "</style>\n",
       "<table border=\"1\" class=\"dataframe\">\n",
       "  <thead>\n",
       "    <tr style=\"text-align: right;\">\n",
       "      <th></th>\n",
       "      <th>AAPL</th>\n",
       "      <th>ADBE</th>\n",
       "      <th>AMZN</th>\n",
       "      <th>BABA</th>\n",
       "      <th>COST</th>\n",
       "      <th>DIS</th>\n",
       "      <th>FB</th>\n",
       "      <th>GOOGL</th>\n",
       "      <th>HD</th>\n",
       "      <th>IBM</th>\n",
       "      <th>MSFT</th>\n",
       "      <th>PG</th>\n",
       "      <th>TGT</th>\n",
       "      <th>WMT</th>\n",
       "      <th>^GSPC</th>\n",
       "    </tr>\n",
       "  </thead>\n",
       "  <tbody>\n",
       "    <tr>\n",
       "      <th>AAPL</th>\n",
       "      <td>0.082189</td>\n",
       "      <td>0.055192</td>\n",
       "      <td>0.047955</td>\n",
       "      <td>0.047079</td>\n",
       "      <td>0.029636</td>\n",
       "      <td>0.037456</td>\n",
       "      <td>0.051217</td>\n",
       "      <td>0.049721</td>\n",
       "      <td>0.041089</td>\n",
       "      <td>0.038086</td>\n",
       "      <td>0.055504</td>\n",
       "      <td>0.025304</td>\n",
       "      <td>0.028530</td>\n",
       "      <td>0.022633</td>\n",
       "      <td>0.041614</td>\n",
       "    </tr>\n",
       "    <tr>\n",
       "      <th>ADBE</th>\n",
       "      <td>0.055192</td>\n",
       "      <td>0.095033</td>\n",
       "      <td>0.056527</td>\n",
       "      <td>0.048844</td>\n",
       "      <td>0.031754</td>\n",
       "      <td>0.036960</td>\n",
       "      <td>0.057228</td>\n",
       "      <td>0.055796</td>\n",
       "      <td>0.045716</td>\n",
       "      <td>0.040582</td>\n",
       "      <td>0.065178</td>\n",
       "      <td>0.023918</td>\n",
       "      <td>0.029289</td>\n",
       "      <td>0.024163</td>\n",
       "      <td>0.043704</td>\n",
       "    </tr>\n",
       "    <tr>\n",
       "      <th>AMZN</th>\n",
       "      <td>0.047955</td>\n",
       "      <td>0.056527</td>\n",
       "      <td>0.087800</td>\n",
       "      <td>0.049978</td>\n",
       "      <td>0.025430</td>\n",
       "      <td>0.028208</td>\n",
       "      <td>0.058173</td>\n",
       "      <td>0.052590</td>\n",
       "      <td>0.032896</td>\n",
       "      <td>0.031458</td>\n",
       "      <td>0.053745</td>\n",
       "      <td>0.018264</td>\n",
       "      <td>0.020321</td>\n",
       "      <td>0.018952</td>\n",
       "      <td>0.034091</td>\n",
       "    </tr>\n",
       "    <tr>\n",
       "      <th>BABA</th>\n",
       "      <td>0.047079</td>\n",
       "      <td>0.048844</td>\n",
       "      <td>0.049978</td>\n",
       "      <td>0.104032</td>\n",
       "      <td>0.017601</td>\n",
       "      <td>0.027450</td>\n",
       "      <td>0.049136</td>\n",
       "      <td>0.046277</td>\n",
       "      <td>0.029106</td>\n",
       "      <td>0.031521</td>\n",
       "      <td>0.046791</td>\n",
       "      <td>0.013353</td>\n",
       "      <td>0.017739</td>\n",
       "      <td>0.013704</td>\n",
       "      <td>0.033263</td>\n",
       "    </tr>\n",
       "    <tr>\n",
       "      <th>COST</th>\n",
       "      <td>0.029636</td>\n",
       "      <td>0.031754</td>\n",
       "      <td>0.025430</td>\n",
       "      <td>0.017601</td>\n",
       "      <td>0.045098</td>\n",
       "      <td>0.022539</td>\n",
       "      <td>0.023457</td>\n",
       "      <td>0.026051</td>\n",
       "      <td>0.028597</td>\n",
       "      <td>0.022814</td>\n",
       "      <td>0.030580</td>\n",
       "      <td>0.020511</td>\n",
       "      <td>0.031289</td>\n",
       "      <td>0.026998</td>\n",
       "      <td>0.024382</td>\n",
       "    </tr>\n",
       "    <tr>\n",
       "      <th>DIS</th>\n",
       "      <td>0.037456</td>\n",
       "      <td>0.036960</td>\n",
       "      <td>0.028208</td>\n",
       "      <td>0.027450</td>\n",
       "      <td>0.022539</td>\n",
       "      <td>0.063963</td>\n",
       "      <td>0.032794</td>\n",
       "      <td>0.033599</td>\n",
       "      <td>0.037063</td>\n",
       "      <td>0.033628</td>\n",
       "      <td>0.037695</td>\n",
       "      <td>0.022044</td>\n",
       "      <td>0.025090</td>\n",
       "      <td>0.017790</td>\n",
       "      <td>0.033620</td>\n",
       "    </tr>\n",
       "    <tr>\n",
       "      <th>FB</th>\n",
       "      <td>0.051217</td>\n",
       "      <td>0.057228</td>\n",
       "      <td>0.058173</td>\n",
       "      <td>0.049136</td>\n",
       "      <td>0.023457</td>\n",
       "      <td>0.032794</td>\n",
       "      <td>0.099704</td>\n",
       "      <td>0.058338</td>\n",
       "      <td>0.039682</td>\n",
       "      <td>0.032108</td>\n",
       "      <td>0.054174</td>\n",
       "      <td>0.019452</td>\n",
       "      <td>0.021609</td>\n",
       "      <td>0.017566</td>\n",
       "      <td>0.038312</td>\n",
       "    </tr>\n",
       "    <tr>\n",
       "      <th>GOOGL</th>\n",
       "      <td>0.049721</td>\n",
       "      <td>0.055796</td>\n",
       "      <td>0.052590</td>\n",
       "      <td>0.046277</td>\n",
       "      <td>0.026051</td>\n",
       "      <td>0.033599</td>\n",
       "      <td>0.058338</td>\n",
       "      <td>0.071735</td>\n",
       "      <td>0.038156</td>\n",
       "      <td>0.035676</td>\n",
       "      <td>0.055113</td>\n",
       "      <td>0.021827</td>\n",
       "      <td>0.022896</td>\n",
       "      <td>0.018738</td>\n",
       "      <td>0.037960</td>\n",
       "    </tr>\n",
       "    <tr>\n",
       "      <th>HD</th>\n",
       "      <td>0.041089</td>\n",
       "      <td>0.045716</td>\n",
       "      <td>0.032896</td>\n",
       "      <td>0.029106</td>\n",
       "      <td>0.028597</td>\n",
       "      <td>0.037063</td>\n",
       "      <td>0.039682</td>\n",
       "      <td>0.038156</td>\n",
       "      <td>0.064615</td>\n",
       "      <td>0.036721</td>\n",
       "      <td>0.044247</td>\n",
       "      <td>0.023908</td>\n",
       "      <td>0.035955</td>\n",
       "      <td>0.024356</td>\n",
       "      <td>0.037996</td>\n",
       "    </tr>\n",
       "    <tr>\n",
       "      <th>IBM</th>\n",
       "      <td>0.038086</td>\n",
       "      <td>0.040582</td>\n",
       "      <td>0.031458</td>\n",
       "      <td>0.031521</td>\n",
       "      <td>0.022814</td>\n",
       "      <td>0.033628</td>\n",
       "      <td>0.032108</td>\n",
       "      <td>0.035676</td>\n",
       "      <td>0.036721</td>\n",
       "      <td>0.061730</td>\n",
       "      <td>0.040737</td>\n",
       "      <td>0.024608</td>\n",
       "      <td>0.027447</td>\n",
       "      <td>0.021219</td>\n",
       "      <td>0.034813</td>\n",
       "    </tr>\n",
       "    <tr>\n",
       "      <th>MSFT</th>\n",
       "      <td>0.055504</td>\n",
       "      <td>0.065178</td>\n",
       "      <td>0.053745</td>\n",
       "      <td>0.046791</td>\n",
       "      <td>0.030580</td>\n",
       "      <td>0.037695</td>\n",
       "      <td>0.054174</td>\n",
       "      <td>0.055113</td>\n",
       "      <td>0.044247</td>\n",
       "      <td>0.040737</td>\n",
       "      <td>0.073921</td>\n",
       "      <td>0.027766</td>\n",
       "      <td>0.028601</td>\n",
       "      <td>0.024285</td>\n",
       "      <td>0.043319</td>\n",
       "    </tr>\n",
       "    <tr>\n",
       "      <th>PG</th>\n",
       "      <td>0.025304</td>\n",
       "      <td>0.023918</td>\n",
       "      <td>0.018264</td>\n",
       "      <td>0.013353</td>\n",
       "      <td>0.020511</td>\n",
       "      <td>0.022044</td>\n",
       "      <td>0.019452</td>\n",
       "      <td>0.021827</td>\n",
       "      <td>0.023908</td>\n",
       "      <td>0.024608</td>\n",
       "      <td>0.027766</td>\n",
       "      <td>0.039873</td>\n",
       "      <td>0.019668</td>\n",
       "      <td>0.022103</td>\n",
       "      <td>0.023365</td>\n",
       "    </tr>\n",
       "    <tr>\n",
       "      <th>TGT</th>\n",
       "      <td>0.028530</td>\n",
       "      <td>0.029289</td>\n",
       "      <td>0.020321</td>\n",
       "      <td>0.017739</td>\n",
       "      <td>0.031289</td>\n",
       "      <td>0.025090</td>\n",
       "      <td>0.021609</td>\n",
       "      <td>0.022896</td>\n",
       "      <td>0.035955</td>\n",
       "      <td>0.027447</td>\n",
       "      <td>0.028601</td>\n",
       "      <td>0.019668</td>\n",
       "      <td>0.090482</td>\n",
       "      <td>0.032057</td>\n",
       "      <td>0.026303</td>\n",
       "    </tr>\n",
       "    <tr>\n",
       "      <th>WMT</th>\n",
       "      <td>0.022633</td>\n",
       "      <td>0.024163</td>\n",
       "      <td>0.018952</td>\n",
       "      <td>0.013704</td>\n",
       "      <td>0.026998</td>\n",
       "      <td>0.017790</td>\n",
       "      <td>0.017566</td>\n",
       "      <td>0.018738</td>\n",
       "      <td>0.024356</td>\n",
       "      <td>0.021219</td>\n",
       "      <td>0.024285</td>\n",
       "      <td>0.022103</td>\n",
       "      <td>0.032057</td>\n",
       "      <td>0.049474</td>\n",
       "      <td>0.020619</td>\n",
       "    </tr>\n",
       "    <tr>\n",
       "      <th>^GSPC</th>\n",
       "      <td>0.041614</td>\n",
       "      <td>0.043704</td>\n",
       "      <td>0.034091</td>\n",
       "      <td>0.033263</td>\n",
       "      <td>0.024382</td>\n",
       "      <td>0.033620</td>\n",
       "      <td>0.038312</td>\n",
       "      <td>0.037960</td>\n",
       "      <td>0.037996</td>\n",
       "      <td>0.034813</td>\n",
       "      <td>0.043319</td>\n",
       "      <td>0.023365</td>\n",
       "      <td>0.026303</td>\n",
       "      <td>0.020619</td>\n",
       "      <td>0.035883</td>\n",
       "    </tr>\n",
       "  </tbody>\n",
       "</table>\n",
       "</div>"
      ],
      "text/plain": [
       "           AAPL      ADBE      AMZN      BABA      COST       DIS        FB  \\\n",
       "AAPL   0.082189  0.055192  0.047955  0.047079  0.029636  0.037456  0.051217   \n",
       "ADBE   0.055192  0.095033  0.056527  0.048844  0.031754  0.036960  0.057228   \n",
       "AMZN   0.047955  0.056527  0.087800  0.049978  0.025430  0.028208  0.058173   \n",
       "BABA   0.047079  0.048844  0.049978  0.104032  0.017601  0.027450  0.049136   \n",
       "COST   0.029636  0.031754  0.025430  0.017601  0.045098  0.022539  0.023457   \n",
       "DIS    0.037456  0.036960  0.028208  0.027450  0.022539  0.063963  0.032794   \n",
       "FB     0.051217  0.057228  0.058173  0.049136  0.023457  0.032794  0.099704   \n",
       "GOOGL  0.049721  0.055796  0.052590  0.046277  0.026051  0.033599  0.058338   \n",
       "HD     0.041089  0.045716  0.032896  0.029106  0.028597  0.037063  0.039682   \n",
       "IBM    0.038086  0.040582  0.031458  0.031521  0.022814  0.033628  0.032108   \n",
       "MSFT   0.055504  0.065178  0.053745  0.046791  0.030580  0.037695  0.054174   \n",
       "PG     0.025304  0.023918  0.018264  0.013353  0.020511  0.022044  0.019452   \n",
       "TGT    0.028530  0.029289  0.020321  0.017739  0.031289  0.025090  0.021609   \n",
       "WMT    0.022633  0.024163  0.018952  0.013704  0.026998  0.017790  0.017566   \n",
       "^GSPC  0.041614  0.043704  0.034091  0.033263  0.024382  0.033620  0.038312   \n",
       "\n",
       "          GOOGL        HD       IBM      MSFT        PG       TGT       WMT  \\\n",
       "AAPL   0.049721  0.041089  0.038086  0.055504  0.025304  0.028530  0.022633   \n",
       "ADBE   0.055796  0.045716  0.040582  0.065178  0.023918  0.029289  0.024163   \n",
       "AMZN   0.052590  0.032896  0.031458  0.053745  0.018264  0.020321  0.018952   \n",
       "BABA   0.046277  0.029106  0.031521  0.046791  0.013353  0.017739  0.013704   \n",
       "COST   0.026051  0.028597  0.022814  0.030580  0.020511  0.031289  0.026998   \n",
       "DIS    0.033599  0.037063  0.033628  0.037695  0.022044  0.025090  0.017790   \n",
       "FB     0.058338  0.039682  0.032108  0.054174  0.019452  0.021609  0.017566   \n",
       "GOOGL  0.071735  0.038156  0.035676  0.055113  0.021827  0.022896  0.018738   \n",
       "HD     0.038156  0.064615  0.036721  0.044247  0.023908  0.035955  0.024356   \n",
       "IBM    0.035676  0.036721  0.061730  0.040737  0.024608  0.027447  0.021219   \n",
       "MSFT   0.055113  0.044247  0.040737  0.073921  0.027766  0.028601  0.024285   \n",
       "PG     0.021827  0.023908  0.024608  0.027766  0.039873  0.019668  0.022103   \n",
       "TGT    0.022896  0.035955  0.027447  0.028601  0.019668  0.090482  0.032057   \n",
       "WMT    0.018738  0.024356  0.021219  0.024285  0.022103  0.032057  0.049474   \n",
       "^GSPC  0.037960  0.037996  0.034813  0.043319  0.023365  0.026303  0.020619   \n",
       "\n",
       "          ^GSPC  \n",
       "AAPL   0.041614  \n",
       "ADBE   0.043704  \n",
       "AMZN   0.034091  \n",
       "BABA   0.033263  \n",
       "COST   0.024382  \n",
       "DIS    0.033620  \n",
       "FB     0.038312  \n",
       "GOOGL  0.037960  \n",
       "HD     0.037996  \n",
       "IBM    0.034813  \n",
       "MSFT   0.043319  \n",
       "PG     0.023365  \n",
       "TGT    0.026303  \n",
       "WMT    0.020619  \n",
       "^GSPC  0.035883  "
      ]
     },
     "execution_count": 4,
     "metadata": {},
     "output_type": "execute_result"
    }
   ],
   "source": [
    "cov = sec_returns.cov() * 250\n",
    "cov"
   ]
  },
  {
   "cell_type": "markdown",
   "metadata": {},
   "source": [
    "**Beta:**\n",
    "### $$ \n",
    "\\beta_{pg} = \\frac{\\sigma_{pg,m}}{\\sigma_{m}^2}\n",
    "$$"
   ]
  },
  {
   "cell_type": "code",
   "execution_count": 5,
   "metadata": {},
   "outputs": [
    {
     "data": {
      "text/plain": [
       "0.03588294351696495"
      ]
     },
     "execution_count": 5,
     "metadata": {},
     "output_type": "execute_result"
    }
   ],
   "source": [
    "market_var = sec_returns['^GSPC'].var() * 250\n",
    "market_var"
   ]
  },
  {
   "cell_type": "code",
   "execution_count": 6,
   "metadata": {},
   "outputs": [],
   "source": [
    "stock_table = pd.DataFrame( stocks, columns = ['stocks'])\n",
    "beta_list = []\n",
    "\n",
    "for i in range(len(stocks)):\n",
    "    cov_with_market =  cov.iloc[i,14]\n",
    "    beta = cov_with_market / market_var\n",
    "    beta_list.append(beta)\n",
    "\n",
    "stock_table['beta'] = beta_list"
   ]
  },
  {
   "cell_type": "markdown",
   "metadata": {},
   "source": [
    "**Calculate the expected return (CAPM):**\n",
    "### $$\n",
    "\\overline{r_{pg}} = r_f + \\beta_{pg}(\\overline{r_{m}} - r_f) \n",
    "$$\n",
    "\n",
    "\n",
    " - 10 Year Treasury Rate: 0.73% for May 2020 (rf = 0.0073)\n",
    " - Risk premium = 0.05\n"
   ]
  },
  {
   "cell_type": "code",
   "execution_count": 7,
   "metadata": {},
   "outputs": [],
   "source": [
    "capm_list = []\n",
    "\n",
    "for i in range(len(stocks)):\n",
    "    beta = stock_table.beta[i]\n",
    "    capm = 0.0073 + beta * 0.05\n",
    "    capm = capm*100 \n",
    "    capm_list.append(capm)\n",
    "\n",
    "stock_table['CAPM'] = capm_list\n",
    "stock_table = stock_table[:14]"
   ]
  },
  {
   "cell_type": "markdown",
   "metadata": {},
   "source": [
    "**Sharpe ratio:**\n",
    "### $$\n",
    "Sharpe = \\frac{\\overline{r_{pg}} - r_f}{\\sigma_{pg}}\n",
    "$$"
   ]
  },
  {
   "cell_type": "code",
   "execution_count": 8,
   "metadata": {},
   "outputs": [],
   "source": [
    "sharpe_ratio_list = []\n",
    "\n",
    "for i in range(len(stock_table)):\n",
    "    Sharpe = ((stock_table['CAPM'][i]/100) - 0.0073) / (sec_returns[stock_table['stocks'][i]].std() * 250 ** 0.5)\n",
    "    sharpe_ratio_list.append(Sharpe*100)\n",
    "    \n",
    "stock_table['Sharpe_ratio'] = sharpe_ratio_list"
   ]
  },
  {
   "cell_type": "code",
   "execution_count": 9,
   "metadata": {},
   "outputs": [
    {
     "data": {
      "text/html": [
       "<div>\n",
       "<style scoped>\n",
       "    .dataframe tbody tr th:only-of-type {\n",
       "        vertical-align: middle;\n",
       "    }\n",
       "\n",
       "    .dataframe tbody tr th {\n",
       "        vertical-align: top;\n",
       "    }\n",
       "\n",
       "    .dataframe thead th {\n",
       "        text-align: right;\n",
       "    }\n",
       "</style>\n",
       "<table border=\"1\" class=\"dataframe\">\n",
       "  <thead>\n",
       "    <tr style=\"text-align: right;\">\n",
       "      <th></th>\n",
       "      <th>stocks</th>\n",
       "      <th>beta</th>\n",
       "      <th>CAPM</th>\n",
       "      <th>Sharpe_ratio</th>\n",
       "    </tr>\n",
       "  </thead>\n",
       "  <tbody>\n",
       "    <tr>\n",
       "      <th>4</th>\n",
       "      <td>DIS</td>\n",
       "      <td>0.679481</td>\n",
       "      <td>4.127406</td>\n",
       "      <td>13.433290</td>\n",
       "    </tr>\n",
       "    <tr>\n",
       "      <th>13</th>\n",
       "      <td>COST</td>\n",
       "      <td>0.574628</td>\n",
       "      <td>3.603139</td>\n",
       "      <td>13.529339</td>\n",
       "    </tr>\n",
       "    <tr>\n",
       "      <th>5</th>\n",
       "      <td>FB</td>\n",
       "      <td>0.936927</td>\n",
       "      <td>5.414634</td>\n",
       "      <td>14.836053</td>\n",
       "    </tr>\n",
       "    <tr>\n",
       "      <th>11</th>\n",
       "      <td>PG</td>\n",
       "      <td>0.651139</td>\n",
       "      <td>3.985693</td>\n",
       "      <td>16.304310</td>\n",
       "    </tr>\n",
       "    <tr>\n",
       "      <th>12</th>\n",
       "      <td>WMT</td>\n",
       "      <td>0.733030</td>\n",
       "      <td>4.395152</td>\n",
       "      <td>16.478014</td>\n",
       "    </tr>\n",
       "    <tr>\n",
       "      <th>3</th>\n",
       "      <td>MSFT</td>\n",
       "      <td>0.927000</td>\n",
       "      <td>5.365000</td>\n",
       "      <td>17.047747</td>\n",
       "    </tr>\n",
       "    <tr>\n",
       "      <th>7</th>\n",
       "      <td>TGT</td>\n",
       "      <td>1.057880</td>\n",
       "      <td>6.019402</td>\n",
       "      <td>17.584304</td>\n",
       "    </tr>\n",
       "    <tr>\n",
       "      <th>8</th>\n",
       "      <td>AMZN</td>\n",
       "      <td>1.058889</td>\n",
       "      <td>6.024445</td>\n",
       "      <td>17.867850</td>\n",
       "    </tr>\n",
       "    <tr>\n",
       "      <th>10</th>\n",
       "      <td>BABA</td>\n",
       "      <td>1.207221</td>\n",
       "      <td>6.766104</td>\n",
       "      <td>18.714273</td>\n",
       "    </tr>\n",
       "    <tr>\n",
       "      <th>9</th>\n",
       "      <td>HD</td>\n",
       "      <td>0.970189</td>\n",
       "      <td>5.580947</td>\n",
       "      <td>19.083617</td>\n",
       "    </tr>\n",
       "    <tr>\n",
       "      <th>2</th>\n",
       "      <td>IBM</td>\n",
       "      <td>0.950071</td>\n",
       "      <td>5.480356</td>\n",
       "      <td>19.119604</td>\n",
       "    </tr>\n",
       "    <tr>\n",
       "      <th>1</th>\n",
       "      <td>ADBE</td>\n",
       "      <td>1.217966</td>\n",
       "      <td>6.819829</td>\n",
       "      <td>19.754555</td>\n",
       "    </tr>\n",
       "    <tr>\n",
       "      <th>6</th>\n",
       "      <td>GOOGL</td>\n",
       "      <td>1.067700</td>\n",
       "      <td>6.068501</td>\n",
       "      <td>19.932168</td>\n",
       "    </tr>\n",
       "    <tr>\n",
       "      <th>0</th>\n",
       "      <td>AAPL</td>\n",
       "      <td>1.159713</td>\n",
       "      <td>6.528565</td>\n",
       "      <td>20.226165</td>\n",
       "    </tr>\n",
       "  </tbody>\n",
       "</table>\n",
       "</div>"
      ],
      "text/plain": [
       "   stocks      beta      CAPM  Sharpe_ratio\n",
       "4     DIS  0.679481  4.127406     13.433290\n",
       "13   COST  0.574628  3.603139     13.529339\n",
       "5      FB  0.936927  5.414634     14.836053\n",
       "11     PG  0.651139  3.985693     16.304310\n",
       "12    WMT  0.733030  4.395152     16.478014\n",
       "3    MSFT  0.927000  5.365000     17.047747\n",
       "7     TGT  1.057880  6.019402     17.584304\n",
       "8    AMZN  1.058889  6.024445     17.867850\n",
       "10   BABA  1.207221  6.766104     18.714273\n",
       "9      HD  0.970189  5.580947     19.083617\n",
       "2     IBM  0.950071  5.480356     19.119604\n",
       "1    ADBE  1.217966  6.819829     19.754555\n",
       "6   GOOGL  1.067700  6.068501     19.932168\n",
       "0    AAPL  1.159713  6.528565     20.226165"
      ]
     },
     "execution_count": 9,
     "metadata": {},
     "output_type": "execute_result"
    }
   ],
   "source": [
    "stock_table.sort_values(by = 'Sharpe_ratio') "
   ]
  },
  {
   "cell_type": "code",
   "execution_count": 10,
   "metadata": {},
   "outputs": [
    {
     "data": {
      "text/plain": [
       "Text(0, 0.5, 'price in $')"
      ]
     },
     "execution_count": 10,
     "metadata": {},
     "output_type": "execute_result"
    },
    {
     "data": {
